yy=-0.250000.*x.^2+0.000000.*x.^1-1.500000.*x.^0;